3360.0            2.024665E-15
3361.39999997616  2.540069E-15
3362.79999995232  1.955421E-15
3364.19999992847  1.086033E-15
3365.59999990463  2.404312E-15
3366.99999988079  2.766689E-15
3368.39999985695  1.833405E-15
3369.79999983311  2.371316E-15
3371.19999980926  2.313824E-15
3372.59999978542  1.342394E-15
3373.99999976158  2.303818E-15
3375.39999973774  2.688072E-15
3376.7999997139  2.448138E-15
3378.19999969006  2.404392E-15
3379.59999966621  2.702514E-15
3380.99999964237  2.487435E-15
3382.39999961853  2.438904E-15
3383.79999959469  2.664760E-15
3385.19999957085  1.525725E-15
3386.599999547  1.875461E-15
3387.99999952316  2.009653E-15
3389.39999949932  1.908347E-15
3390.79999947548  2.540251E-15
3392.19999945164  2.898867E-15
3393.5999994278  2.455870E-15
3394.99999940395  2.899650E-15
3396.39999938011  3.264692E-15
3397.79999935627  3.053055E-15
3399.19999933243  3.209410E-15
3400.59999930859  2.785340E-15
3401.99999928475  2.987075E-15
3403.3999992609  3.170234E-15
3404.79999923706  3.321934E-15
3406.19999921322  3.529192E-15
3407.59999918938  3.078872E-15
3408.99999916554  2.920570E-15
3410.39999914169  2.504491E-15
3411.79999911785  2.881803E-15
3413.19999909401  2.745677E-15
3414.59999907017  2.717647E-15
3415.99999904633  2.406915E-15
3417.39999902248  2.318464E-15
3418.79999899864  3.146663E-15
3420.1999989748  3.029214E-15
3421.59999895096  2.914964E-15
3422.99999892712  3.040184E-15
3424.39999890327  2.993160E-15
3425.79999887943  3.249692E-15
3427.19999885559  3.048130E-15
3428.59999883175  3.112031E-15
3429.99999880791  2.955380E-15
3431.39999878406  2.837112E-15
3432.79999876022  3.002533E-15
3434.19999873638  2.612026E-15
3435.59999871254  2.726972E-15
3436.9999986887  2.915892E-15
3438.39999866486  2.760726E-15
3439.79999864101  2.609248E-15
3441.19999861717  2.353114E-15
3442.59999859333  2.480526E-15
3443.99999856949  2.467151E-15
3445.39999854565  2.674758E-15
3446.7999985218  2.641683E-15
3448.19999849796  2.916359E-15
3449.59999847412  2.878883E-15
3450.99999845028  3.052636E-15
3452.39999842644  3.310107E-15
3453.7999984026  3.295187E-15
3455.19999837875  2.976119E-15
3456.59999835491  3.251931E-15
3457.99999833107  3.075237E-15
3459.39999830723  2.753827E-15
3460.79999828339  2.966616E-15
3462.19999825954  3.321323E-15
3463.5999982357  3.331124E-15
3464.99999821186  3.177827E-15
3466.39999818802  2.899636E-15
3467.79999816418  2.931961E-15
3469.19999814034  3.118022E-15
3470.59999811649  2.925634E-15
3471.99999809265  2.970513E-15
3473.39999806881  3.206512E-15
3474.79999804497  3.287696E-15
3476.19999802113  2.889451E-15
3477.59999799728  2.747294E-15
3478.99999797344  2.788312E-15
3480.3999979496  2.984739E-15
3481.79999792576  3.248124E-15
3483.19999790192  3.450508E-15
3484.59999787807  3.482700E-15
3485.99999785423  3.128513E-15
3487.39999783039  3.024935E-15
3488.79999780655  2.974077E-15
3490.19999778271  3.246917E-15
3491.59999775887  3.348800E-15
3492.99999773502  2.850682E-15
3494.39999771118  3.080710E-15
3495.79999768734  3.028930E-15
3497.1999976635  3.325562E-15
3498.59999763966  3.710410E-15
3499.99999761581  3.438038E-15
3501.39999759197  3.625681E-15
3502.79999756813  3.781666E-15
3504.19999754429  3.570108E-15
3505.59999752045  3.478427E-15
3506.99999749661  3.575085E-15
3508.39999747276  4.015363E-15
3509.79999744892  3.482608E-15
3511.19999742508  3.360070E-15
3512.59999740124  3.355339E-15
3513.9999973774  3.148794E-15
3515.39999735355  3.180740E-15
3516.79999732971  3.166049E-15
3518.19999730587  3.226298E-15
3519.59999728203  3.194098E-15
3520.99999725819  3.134602E-15
3522.39999723434  2.772616E-15
3523.7999972105  2.820738E-15
3525.19999718666  2.988463E-15
3526.59999716282  3.137862E-15
3527.99999713898  3.020874E-15
3529.39999711514  3.160244E-15
3530.79999709129  3.505948E-15
3532.19999706745  3.718311E-15
3533.59999704361  3.733169E-15
3534.99999701977  3.703968E-15
3536.39999699593  3.942040E-15
3537.79999697208  3.754926E-15
3539.19999694824  3.785464E-15
3540.5999969244  3.930765E-15
3541.99999690056  3.745549E-15
3543.39999687672  3.628702E-15
3544.79999685287  3.427709E-15
3546.19999682903  3.564382E-15
3547.59999680519  3.746181E-15
3548.99999678135  3.596861E-15
3550.39999675751  3.160407E-15
3551.79999673366  3.115896E-15
3553.19999670982  3.460634E-15
3554.59999668598  3.310265E-15
3555.99999666214  3.169638E-15
3557.3999966383  3.062434E-15
3558.79999661446  3.302987E-15
3560.19999659061  3.230063E-15
3561.59999656677  3.120051E-15
3562.99999654293  2.812734E-15
3564.39999651909  2.679303E-15
3565.79999649525  2.964119E-15
3567.19999647141  2.725139E-15
3568.59999644756  2.598094E-15
3569.99999642372  2.627063E-15
3571.39999639988  2.418608E-15
3572.79999637604  2.776548E-15
3574.1999963522  2.701696E-15
3575.59999632835  2.591475E-15
3576.99999630451  2.425279E-15
3578.39999628067  2.281043E-15
3579.79999625683  2.220216E-15
3581.19999623299  2.149176E-15
3582.59999620914  2.072701E-15
3583.9999961853  2.325203E-15
3585.39999616146  2.159647E-15
3586.79999613762  2.254212E-15
3588.19999611378  2.514061E-15
3589.59999608994  2.555466E-15
3590.99999606609  2.788948E-15
3592.39999604225  3.109868E-15
3593.79999601841  3.275620E-15
3595.19999599457  3.318199E-15
3596.59999597073  3.462403E-15
3597.99999594688  3.840479E-15
3599.39999592304  3.968600E-15
3600.7999958992  3.932336E-15
3602.19999587536  3.819797E-15
3603.59999585152  3.712019E-15
3604.99999582767  3.439131E-15
3606.39999580383  3.121408E-15
3607.79999577999  3.208794E-15
3609.19999575615  3.270948E-15
3610.59999573231  3.252223E-15
3611.99999570847  3.266857E-15
3613.39999568462  3.348704E-15
3614.79999566078  3.552987E-15
3616.19999563694  3.465024E-15
3617.5999956131  3.379406E-15
3618.99999558926  3.430057E-15
3620.39999556541  3.579494E-15
3621.79999554157  3.692746E-15
3623.19999551773  3.974669E-15
3624.59999549389  4.021167E-15
3625.99999547005  4.065604E-15
3627.3999954462  4.181486E-15
3628.79999542236  4.187572E-15
3630.19999539852  4.215138E-15
3631.59999537468  4.007401E-15
3632.99999535084  3.950946E-15
3634.399995327  4.136685E-15
3635.79999530315  4.006346E-15
3637.19999527931  4.214336E-15
3638.59999525547  4.212252E-15
3639.99999523163  4.294264E-15
3641.39999520779  4.225603E-15
3642.79999518394  4.333804E-15
3644.1999951601  3.954821E-15
3645.59999513626  3.840551E-15
3646.99999511242  3.964845E-15
3648.39999508858  4.230402E-15
3649.79999506474  4.386631E-15
3651.19999504089  4.496493E-15
3652.59999501705  4.614542E-15
3653.99999499321  4.818823E-15
3655.39999496937  4.984536E-15
3656.79999494553  4.974929E-15
3658.19999492168  4.837024E-15
3659.59999489784  5.211821E-15
3660.999994874  5.296216E-15
3662.39999485016  5.440702E-15
3663.79999482632  5.240294E-15
3665.19999480248  5.241338E-15
3666.59999477863  5.170910E-15
3667.99999475479  5.075309E-15
3669.39999473095  5.096628E-15
3670.79999470711  5.008874E-15
3672.19999468327  5.189826E-15
3673.59999465942  5.199592E-15
3674.99999463558  4.954356E-15
3676.39999461174  4.817228E-15
3677.7999945879  4.856247E-15
3679.19999456406  4.611695E-15
3680.59999454021  4.315927E-15
3681.99999451637  4.547362E-15
3683.39999449253  4.592556E-15
3684.79999446869  4.308334E-15
3686.19999444485  4.361804E-15
3687.59999442101  4.533123E-15
3688.99999439716  4.788091E-15
3690.39999437332  4.889248E-15
3691.79999434948  4.941264E-15
3693.19999432564  5.020863E-15
3694.5999943018  5.239855E-15
3695.99999427795  5.345848E-15
3697.39999425411  5.297423E-15
3698.79999423027  5.147177E-15
3700.19999420643  5.097284E-15
3701.59999418259  4.764150E-15
3702.99999415875  4.702640E-15
3704.3999941349  4.599188E-15
3705.79999411106  4.497597E-15
3707.19999408722  4.294280E-15
3708.59999406338  4.355863E-15
3709.99999403954  4.694913E-15
3711.39999401569  4.853346E-15
3712.79999399185  4.885429E-15
3714.19999396801  4.811985E-15
3715.59999394417  4.580683E-15
3716.99999392033  4.453974E-15
3718.39999389648  4.400364E-15
3719.79999387264  4.211004E-15
3721.1999938488  4.018578E-15
3722.59999382496  4.042072E-15
3723.99999380112  4.016191E-15
3725.39999377727  4.071938E-15
3726.79999375343  4.016014E-15
3728.19999372959  3.929262E-15
3729.59999370575  3.871606E-15
3730.99999368191  3.614248E-15
3732.39999365807  3.578843E-15
3733.79999363422  3.428347E-15
3735.19999361038  3.299405E-15
3736.59999358654  3.276997E-15
3737.9999935627  3.213981E-15
3739.39999353886  3.311063E-15
3740.79999351501  3.286786E-15
3742.19999349117  3.356199E-15
3743.59999346733  3.358356E-15
3744.99999344349  3.261466E-15
3746.39999341965  3.227970E-15
3747.79999339581  3.164332E-15
3749.19999337196  3.129550E-15
3750.59999334812  3.534146E-15
3751.99999332428  3.641986E-15
3753.39999330044  3.685507E-15
3754.7999932766  3.903233E-15
3756.19999325275  4.126851E-15
3757.59999322891  4.114470E-15
3758.99999320507  4.051819E-15
3760.39999318123  3.934181E-15
3761.79999315739  3.973358E-15
3763.19999313354  3.980535E-15
3764.5999931097  3.986808E-15
3765.99999308586  4.114549E-15
3767.39999306202  4.217619E-15
3768.79999303818  4.240436E-15
3770.19999301434  4.341426E-15
3771.59999299049  4.513816E-15
3772.99999296665  4.868311E-15
3774.39999294281  4.927491E-15
3775.79999291897  5.021076E-15
3777.19999289513  5.170109E-15
3778.59999287128  5.272778E-15
3779.99999284744  5.314410E-15
3781.3999928236  5.349895E-15
3782.79999279976  5.134785E-15
3784.19999277592  4.938012E-15
3785.59999275208  4.825915E-15
3786.99999272823  4.652626E-15
3788.39999270439  4.444426E-15
3789.79999268055  4.190054E-15
3791.19999265671  4.045658E-15
3792.59999263287  4.110995E-15
3793.99999260902  4.012606E-15
3795.39999258518  3.833568E-15
3796.79999256134  3.738702E-15
3798.1999925375  3.855295E-15
3799.59999251366  3.970781E-15
3800.99999248981  4.069757E-15
3802.39999246597  4.351157E-15
3803.79999244213  4.448769E-15
3805.19999241829  4.493571E-15
3806.59999239445  4.415756E-15
3807.99999237061  4.308726E-15
3809.39999234676  4.215354E-15
3810.79999232292  4.182134E-15
3812.19999229908  4.070551E-15
3813.59999227524  4.079526E-15
3814.9999922514  3.858172E-15
3816.39999222755  3.647572E-15
3817.79999220371  3.459214E-15
3819.19999217987  3.238159E-15
3820.59999215603  3.084546E-15
3821.99999213219  3.009439E-15
3823.39999210834  2.864183E-15
3824.7999920845  2.688698E-15
3826.19999206066  2.703595E-15
3827.59999203682  2.682379E-15
3828.99999201298  2.580886E-15
3830.39999198913  2.622105E-15
3831.79999196529  2.526650E-15
3833.19999194145  2.475474E-15
3834.59999191761  2.417337E-15
3835.99999189377  2.518941E-15
3837.39999186993  2.715970E-15
3838.79999184608  2.800226E-15
3840.19999182224  2.886370E-15
3841.5999917984  3.007966E-15
3842.99999177456  3.158735E-15
3844.39999175072  3.371184E-15
3845.79999172688  3.356700E-15
3847.19999170303  3.418683E-15
3848.59999167919  3.400288E-15
3849.99999165535  3.351324E-15
3851.39999163151  3.294084E-15
3852.79999160767  3.361367E-15
3854.19999158382  3.281733E-15
3855.59999155998  3.226602E-15
3856.99999153614  3.281255E-15
3858.3999915123  3.292286E-15
3859.79999148846  3.308545E-15
3861.19999146461  3.208667E-15
3862.59999144077  3.391645E-15
3863.99999141693  3.411710E-15
3865.39999139309  3.463268E-15
3866.79999136925  3.478238E-15
3868.19999134541  3.465404E-15
3869.59999132156  3.477031E-15
3870.99999129772  3.579458E-15
3872.39999127388  3.589635E-15
3873.79999125004  3.614745E-15
3875.1999912262  3.537242E-15
3876.59999120235  3.564871E-15
3877.99999117851  3.525480E-15
3879.39999115467  3.556093E-15
3880.79999113083  3.777600E-15
3882.19999110699  3.695597E-15
3883.59999108315  3.643894E-15
3884.9999910593  3.803053E-15
3886.39999103546  4.031605E-15
3887.79999101162  4.161766E-15
3889.19999098778  4.433928E-15
3890.59999096394  4.575349E-15
3891.99999094009  4.717375E-15
3893.39999091625  4.929337E-15
3894.79999089241  5.208781E-15
3896.19999086857  5.311923E-15
3897.59999084473  5.271022E-15
3898.99999082088  5.198266E-15
3900.39999079704  5.215502E-15
3901.7999907732  5.327748E-15
3903.19999074936  5.227333E-15
3904.59999072552  5.114605E-15
3905.99999070168  5.347638E-15
3907.39999067783  5.586147E-15
3908.79999065399  5.601043E-15
3910.19999063015  5.750940E-15
3911.59999060631  6.007651E-15
3912.99999058247  5.983528E-15
3914.39999055862  5.857598E-15
3915.79999053478  5.719417E-15
3917.19999051094  5.609131E-15
3918.5999904871  5.455841E-15
3919.99999046326  5.201213E-15
3921.39999043941  4.916061E-15
3922.79999041557  4.595017E-15
3924.19999039173  4.404647E-15
3925.59999036789  4.082787E-15
3926.99999034405  3.695302E-15
3928.39999032021  3.354960E-15
3929.79999029636  3.033258E-15
3931.19999027252  2.811893E-15
3932.59999024868  2.738866E-15
3933.99999022484  2.612318E-15
3935.399990201  2.596495E-15
3936.79999017715  2.794342E-15
3938.19999015331  3.048108E-15
3939.59999012947  3.302738E-15
3940.99999010563  3.503569E-15
3942.39999008179  3.926615E-15
3943.79999005794  4.340465E-15
3945.1999900341  4.662429E-15
3946.59999001026  4.872363E-15
3947.99998998642  5.111514E-15
3949.39998996258  5.380496E-15
3950.79998993874  5.590500E-15
3952.19998991489  5.730089E-15
3953.59998989105  5.796867E-15
3954.99998986721  5.761189E-15
3956.39998984337  5.469324E-15
3957.79998981953  5.040547E-15
3959.19998979569  4.883493E-15
3960.59998977184  4.597064E-15
3961.999989748  4.184815E-15
3963.39998972416  3.781274E-15
3964.79998970032  3.339834E-15
3966.19998967648  3.136204E-15
3967.59998965263  3.162030E-15
3968.99998962879  3.172676E-15
3970.39998960495  3.205655E-15
3971.79998958111  3.495023E-15
3973.19998955727  3.889627E-15
3974.59998953342  4.379610E-15
3975.99998950958  4.923701E-15
3977.39998948574  5.401520E-15
3978.7999894619  5.973168E-15
3980.19998943806  6.509724E-15
3981.59998941421  6.823614E-15
3982.99998939037  7.048909E-15
3984.39998936653  7.332038E-15
3985.79998934269  7.332154E-15
3987.19998931885  7.399050E-15
3988.59998929501  7.569669E-15
3989.99998927116  7.739719E-15
3991.39998924732  7.920974E-15
3992.79998922348  7.983354E-15
3994.19998919964  7.985546E-15
3995.5999891758  8.276945E-15
3996.99998915195  8.351171E-15
3998.39998912811  8.294880E-15
3999.79998910427  8.348954E-15
4001.19998908043  8.436957E-15
4002.59998905659  8.412604E-15
4003.99998903275  8.517412E-15
4005.3999890089  8.545570E-15
4006.79998898506  8.467672E-15
4008.19998896122  8.596797E-15
4009.59998893738  8.580237E-15
4010.99998891354  8.559953E-15
4012.39998888969  8.584807E-15
4013.79998886585  8.868716E-15
4015.19998884201  9.153528E-15
4016.59998881817  9.162343E-15
4017.99998879433  9.117840E-15
4019.39998877049  9.155920E-15
4020.79998874664  9.129779E-15
4022.1999887228  8.945584E-15
4023.59998869896  8.835162E-15
4024.99998867512  8.862231E-15
4026.39998865128  8.864631E-15
4027.79998862743  8.663522E-15
4029.19998860359  8.426237E-15
4030.59998857975  8.235496E-15
4031.99998855591  8.111305E-15
4033.39998853207  8.003511E-15
4034.79998850822  8.213778E-15
4036.19998848438  8.200310E-15
4037.59998846054  8.335423E-15
4038.9999884367  8.479226E-15
4040.39998841286  8.366024E-15
4041.79998838901  8.370902E-15
4043.19998836517  8.285575E-15
4044.59998834133  8.210234E-15
4045.99998831749  8.163516E-15
4047.39998829365  8.170748E-15
4048.79998826981  8.249285E-15
4050.19998824596  8.279210E-15
4051.59998822212  8.273361E-15
4052.99998819828  8.343192E-15
4054.39998817444  8.433343E-15
4055.7999881506  8.243970E-15
4057.19998812675  8.025786E-15
4058.59998810291  7.930256E-15
4059.99998807907  7.896492E-15
4061.39998805523  7.910522E-15
4062.79998803139  7.726203E-15
4064.19998800755  7.744850E-15
4065.5999879837  7.742723E-15
4066.99998795986  7.805315E-15
4068.39998793602  7.889623E-15
4069.79998791218  7.885815E-15
4071.19998788834  8.082022E-15
4072.59998786449  8.179659E-15
4073.99998784065  8.156243E-15
4075.39998781681  8.198056E-15
4076.79998779297  8.291846E-15
4078.19998776913  8.187456E-15
4079.59998774528  8.185610E-15
4080.99998772144  8.349726E-15
4082.3999876976  8.637360E-15
4083.79998767376  8.884022E-15
4085.19998764992  9.008085E-15
4086.59998762608  9.004125E-15
4087.99998760223  8.899745E-15
4089.39998757839  8.834164E-15
4090.79998755455  8.591427E-15
4092.19998753071  8.775860E-15
4093.59998750687  8.629944E-15
4094.99998748302  8.395818E-15
4096.39998745918  8.118869E-15
4097.79998743534  7.828654E-15
4099.1999874115  7.719207E-15
4100.59998738766  7.662960E-15
4101.99998736382  7.676237E-15
4103.39998733997  7.701794E-15
4104.79998731613  7.798643E-15
4106.19998729229  7.995448E-15
4107.59998726845  8.073890E-15
4108.99998724461  8.393240E-15
4110.39998722076  8.354802E-15
4111.79998719692  8.351603E-15
4113.19998717308  8.345765E-15
4114.59998714924  8.431158E-15
4115.9999871254  8.503854E-15
4117.39998710156  8.397661E-15
4118.79998707771  8.458101E-15
4120.19998705387  8.324734E-15
4121.59998703003  8.338474E-15
4122.99998700619  8.423755E-15
4124.39998698235  8.522425E-15
4125.7999869585  8.422948E-15
4127.19998693466  8.256839E-15
4128.59998691082  8.128072E-15
4129.99998688698  7.879670E-15
4131.39998686314  7.830682E-15
4132.79998683929  7.816089E-15
4134.19998681545  7.857270E-15
4135.59998679161  7.899815E-15
4136.99998676777  7.881003E-15
4138.39998674393  7.711506E-15
4139.79998672009  7.764043E-15
4141.19998669624  7.782117E-15
4142.5999866724  7.718107E-15
4143.99998664856  7.625187E-15
4145.39998662472  7.479752E-15
4146.79998660088  7.410512E-15
4148.19998657703  7.358546E-15
4149.59998655319  7.352669E-15
4150.99998652935  7.373868E-15
4152.39998650551  7.398430E-15
4153.79998648167  7.381025E-15
4155.19998645783  7.492039E-15
4156.59998643398  7.631049E-15
4157.99998641014  7.625369E-15
4159.3999863863  7.708259E-15
4160.79998636246  7.933512E-15
4162.19998633862  7.909752E-15
4163.59998631477  7.933163E-15
4164.99998629093  7.870883E-15
4166.39998626709  7.788077E-15
4167.79998624325  7.753804E-15
4169.19998621941  7.569497E-15
4170.59998619556  7.497074E-15
4171.99998617172  7.625499E-15
4173.39998614788  7.529575E-15
4174.79998612404  7.424130E-15
4176.1999861002  7.556294E-15
4177.59998607635  7.538218E-15
4178.99998605251  7.468376E-15
4180.39998602867  7.477829E-15
4181.79998600483  7.667806E-15
4183.19998598099  7.793816E-15
4184.59998595715  7.880264E-15
4185.9999859333  8.065897E-15
4187.39998590946  8.104180E-15
4188.79998588562  8.073675E-15
4190.19998586178  8.005095E-15
4191.59998583794  7.998357E-15
4192.9999858141  8.088815E-15
4194.39998579025  8.047890E-15
4195.79998576641  7.881093E-15
4197.19998574257  7.779784E-15
4198.59998571873  7.816788E-15
4199.99998569489  7.836262E-15
4201.39998567104  7.882036E-15
4202.7999856472  8.083574E-15
4204.19998562336  8.257263E-15
4205.59998559952  8.363813E-15
4206.99998557568  8.474078E-15
4208.39998555183  8.484765E-15
4209.79998552799  8.611004E-15
4211.19998550415  8.621320E-15
4212.59998548031  8.496610E-15
4213.99998545647  8.577166E-15
4215.39998543262  8.737656E-15
4216.79998540878  8.783937E-15
4218.19998538494  8.749846E-15
4219.5999853611  8.599613E-15
4220.99998533726  8.399727E-15
4222.39998531342  8.102534E-15
4223.79998528957  7.866572E-15
4225.19998526573  7.772107E-15
4226.59998524189  7.743746E-15
4227.99998521805  7.694039E-15
4229.39998519421  7.715494E-15
4230.79998517036  7.902715E-15
4232.19998514652  8.240053E-15
4233.59998512268  8.442340E-15
4234.99998509884  8.607656E-15
4236.399985075  8.873559E-15
4237.79998505115  9.109304E-15
4239.19998502731  9.297582E-15
4240.59998500347  9.465810E-15
4241.99998497963  9.549775E-15
4243.39998495579  9.490637E-15
4244.79998493195  9.554141E-15
4246.1999849081  9.527224E-15
4247.59998488426  9.363011E-15
4248.99998486042  9.300347E-15
4250.39998483658  9.286472E-15
4251.79998481274  9.094011E-15
4253.19998478889  9.040082E-15
4254.59998476505  9.086166E-15
4255.99998474121  9.123674E-15
4257.39998471737  9.158379E-15
4258.79998469353  9.176968E-15
4260.19998466968  9.351927E-15
4261.59998464584  9.514668E-15
4262.999984622  9.503921E-15
4264.39998459816  9.476497E-15
4265.79998457432  9.421957E-15
4267.19998455048  9.234198E-15
4268.59998452663  9.095382E-15
4269.99998450279  8.862283E-15
4271.39998447895  8.619830E-15
4272.79998445511  8.607224E-15
4274.19998443127  8.601805E-15
4275.59998440743  8.524083E-15
4276.99998438358  8.655434E-15
4278.39998435974  8.911684E-15
4279.7999843359  8.967162E-15
4281.19998431206  9.084787E-15
4282.59998428822  9.188393E-15
4283.99998426437  9.086977E-15
4285.39998424053  8.895436E-15
4286.79998421669  8.756213E-15
4288.19998419285  8.678868E-15
4289.59998416901  8.658667E-15
4290.99998414517  8.537276E-15
4292.39998412132  8.367507E-15
4293.79998409748  8.176439E-15
4295.19998407364  7.883593E-15
4296.5999840498  7.743289E-15
4297.99998402596  7.601560E-15
4299.39998400211  7.357747E-15
4300.79998397827  7.105115E-15
4302.19998395443  6.956820E-15
4303.59998393059  6.854521E-15
4304.99998390675  6.881102E-15
4306.3999838829  6.971806E-15
4307.79998385906  7.126142E-15
4309.19998383522  7.402248E-15
4310.59998381138  7.926838E-15
4311.99998378754  8.461949E-15
4313.3999837637  9.046676E-15
4314.79998373985  9.526010E-15
4316.19998371601  9.999891E-15
4317.59998369217  1.038712E-14
4318.99998366833  1.050177E-14
4320.39998364449  1.050344E-14
4321.79998362064  1.052559E-14
4323.1999835968  1.049359E-14
4324.59998357296  1.028830E-14
4325.99998354912  1.044663E-14
4327.39998352528  1.064750E-14
4328.79998350143  1.075236E-14
4330.19998347759  1.087661E-14
4331.59998345375  1.099753E-14
4332.99998342991  1.095944E-14
4334.39998340607  1.098964E-14
4335.79998338223  1.091022E-14
4337.19998335838  1.077591E-14
4338.59998333454  1.057330E-14
4339.9999833107  1.065722E-14
4341.39998328686  1.067049E-14
4342.79998326302  1.069690E-14
4344.19998323917  1.067169E-14
4345.59998321533  1.090329E-14
4346.99998319149  1.104407E-14
4348.39998316765  1.117458E-14
4349.79998314381  1.118343E-14
4351.19998311996  1.106963E-14
4352.59998309612  1.123206E-14
4353.99998307228  1.128760E-14
4355.39998304844  1.126675E-14
4356.7999830246  1.141787E-14
4358.19998300076  1.165004E-14
4359.59998297691  1.185146E-14
4360.99998295307  1.199711E-14
4362.39998292923  1.218964E-14
4363.79998290539  1.222373E-14
4365.19998288155  1.212525E-14
4366.5999828577  1.211701E-14
4367.99998283386  1.196129E-14
4369.39998281002  1.186672E-14
4370.79998278618  1.162727E-14
4372.19998276234  1.141803E-14
4373.59998273849  1.134133E-14
4374.99998271465  1.101529E-14
4376.39998269081  1.075071E-14
4377.79998266697  1.054396E-14
4379.19998264313  1.040119E-14
4380.59998261929  1.004005E-14
4381.99998259544  9.807517E-15
4383.3999825716  9.647189E-15
4384.79998254776  9.624221E-15
4386.19998252392  9.794437E-15
4387.59998250008  9.959644E-15
4388.99998247623  1.000055E-14
4390.39998245239  1.025234E-14
4391.79998242855  1.056160E-14
4393.19998240471  1.085721E-14
4394.59998238087  1.098769E-14
4395.99998235703  1.104942E-14
4397.39998233318  1.111190E-14
4398.79998230934  1.110221E-14
4400.1999822855  1.111160E-14
4401.59998226166  1.105113E-14
4402.99998223782  1.089845E-14
4404.39998221397  1.093225E-14
4405.79998219013  1.081079E-14
4407.19998216629  1.083590E-14
4408.59998214245  1.113261E-14
4409.99998211861  1.142017E-14
4411.39998209476  1.158487E-14
4412.79998207092  1.172263E-14
4414.19998204708  1.185100E-14
4415.59998202324  1.201697E-14
4416.9999819994  1.229141E-14
4418.39998197556  1.223573E-14
4419.79998195171  1.211913E-14
4421.19998192787  1.208168E-14
4422.59998190403  1.214669E-14
4423.99998188019  1.215730E-14
4425.39998185635  1.226546E-14
4426.7999818325  1.211879E-14
4428.19998180866  1.204258E-14
4429.59998178482  1.192973E-14
4430.99998176098  1.184642E-14
4432.39998173714  1.191400E-14
4433.79998171329  1.197239E-14
4435.19998168945  1.200954E-14
4436.59998166561  1.216834E-14
4437.99998164177  1.221817E-14
4439.39998161793  1.229265E-14
4440.79998159408  1.241280E-14
4442.19998157024  1.249384E-14
4443.5999815464  1.266453E-14
4444.99998152256  1.285135E-14
4446.39998149872  1.296777E-14
4447.79998147488  1.273248E-14
4449.19998145104  1.245984E-14
4450.59998142719  1.252704E-14
4451.99998140335  1.246769E-14
4453.39998137951  1.197329E-14
4454.79998135567  1.177101E-14
4456.19998133183  1.154789E-14
4457.59998130798  1.131762E-14
4458.99998128414  1.138192E-14
4460.3999812603  1.140113E-14
4461.79998123646  1.145805E-14
4463.19998121262  1.169165E-14
4464.59998118877  1.181710E-14
4465.99998116493  1.196673E-14
4467.39998114109  1.233569E-14
4468.79998111725  1.257399E-14
4470.19998109341  1.268688E-14
4471.59998106956  1.284029E-14
4472.99998104572  1.299173E-14
4474.39998102188  1.315249E-14
4475.79998099804  1.325048E-14
4477.1999809742  1.324991E-14
4478.59998095036  1.318180E-14
4479.99998092651  1.310442E-14
4481.39998090267  1.301847E-14
4482.79998087883  1.327854E-14
4484.19998085499  1.323328E-14
4485.59998083115  1.306499E-14
4486.9999808073  1.309155E-14
4488.39998078346  1.298374E-14
4489.79998075962  1.282768E-14
4491.19998073578  1.287445E-14
4492.59998071194  1.273499E-14
4493.9999806881  1.265610E-14
4495.39998066425  1.274207E-14
4496.79998064041  1.276323E-14
4498.19998061657  1.309001E-14
4499.59998059273  1.340209E-14
4500.99998056889  1.338014E-14
4502.39998054504  1.348567E-14
4503.7999805212  1.393297E-14
4505.19998049736  1.414559E-14
4506.59998047352  1.402715E-14
4507.99998044968  1.418771E-14
4509.39998042584  1.409123E-14
4510.79998040199  1.389718E-14
4512.19998037815  1.388254E-14
4513.59998035431  1.371560E-14
4514.99998033047  1.366067E-14
4516.39998030663  1.361022E-14
4517.79998028278  1.348184E-14
4519.19998025894  1.343269E-14
4520.5999802351  1.307784E-14
4521.99998021126  1.278739E-14
4523.39998018742  1.269470E-14
4524.79998016357  1.248216E-14
4526.19998013973  1.226711E-14
4527.59998011589  1.211624E-14
4528.99998009205  1.187076E-14
4530.39998006821  1.169458E-14
4531.79998004436  1.174368E-14
4533.19998002052  1.188153E-14
4534.59997999668  1.201583E-14
4535.99997997284  1.230543E-14
4537.399979949  1.253777E-14
4538.79997992516  1.263153E-14
4540.19997990131  1.276798E-14
4541.59997987747  1.292494E-14
4542.99997985363  1.304666E-14
4544.39997982979  1.286076E-14
4545.79997980595  1.276052E-14
4547.1999797821  1.280259E-14
4548.59997975826  1.277162E-14
4549.99997973442  1.281538E-14
4551.39997971058  1.309565E-14
4552.79997968674  1.332791E-14
4554.19997966289  1.344264E-14
4555.59997963905  1.343834E-14
4556.99997961521  1.376760E-14
4558.39997959137  1.388659E-14
4559.79997956753  1.379069E-14
4561.19997954368  1.392962E-14
4562.59997951984  1.407106E-14
4563.999979496  1.412982E-14
4565.39997947216  1.401841E-14
4566.79997944832  1.399770E-14
4568.19997942448  1.393226E-14
4569.59997940063  1.380903E-14
4570.99997937679  1.372059E-14
4572.39997935295  1.381921E-14
4573.79997932911  1.378953E-14
4575.19997930527  1.378976E-14
4576.59997928143  1.369783E-14
4577.99997925758  1.355367E-14
4579.39997923374  1.355324E-14
4580.7999792099  1.356633E-14
4582.19997918606  1.356933E-14
4583.59997916222  1.343450E-14
4584.99997913837  1.343929E-14
4586.39997911453  1.339662E-14
4587.79997909069  1.333885E-14
4589.19997906685  1.346644E-14
4590.59997904301  1.347160E-14
4591.99997901917  1.338538E-14
4593.39997899532  1.338782E-14
4594.79997897148  1.349790E-14
4596.19997894764  1.354695E-14
4597.5999789238  1.342427E-14
4598.99997889996  1.338310E-14
4600.39997887611  1.350418E-14
4601.79997885227  1.351651E-14
4603.19997882843  1.346209E-14
4604.59997880459  1.368562E-14
4605.99997878075  1.391892E-14
4607.3999787569  1.402843E-14
4608.79997873306  1.420772E-14
4610.19997870922  1.436042E-14
4611.59997868538  1.451808E-14
4612.99997866154  1.466778E-14
4614.39997863769  1.470475E-14
4615.79997861385  1.479052E-14
4617.19997859001  1.485668E-14
4618.59997856617  1.481494E-14
4619.99997854233  1.479499E-14
4621.39997851849  1.479445E-14
4622.79997849464  1.466042E-14
4624.1999784708  1.457171E-14
4625.59997844696  1.452992E-14
4626.99997842312  1.454356E-14
4628.39997839928  1.456557E-14
4629.79997837544  1.447971E-14
4631.19997835159  1.428877E-14
4632.59997832775  1.405078E-14
4633.99997830391  1.397346E-14
4635.39997828007  1.392879E-14
4636.79997825623  1.355424E-14
4638.19997823238  1.349192E-14
4639.59997820854  1.335215E-14
4640.9999781847  1.303532E-14
4642.39997816086  1.301813E-14
4643.79997813702  1.309177E-14
4645.19997811317  1.297907E-14
4646.59997808933  1.300574E-14
4647.99997806549  1.305522E-14
4649.39997804165  1.306171E-14
4650.79997801781  1.331524E-14
4652.19997799397  1.354841E-14
4653.59997797012  1.348416E-14
4654.99997794628  1.362850E-14
4656.39997792244  1.385941E-14
4657.7999778986  1.373893E-14
4659.19997787476  1.371185E-14
4660.59997785091  1.358880E-14
4661.99997782707  1.342222E-14
4663.39997780323  1.323325E-14
4664.79997777939  1.314686E-14
4666.19997775555  1.298742E-14
4667.5999777317  1.277090E-14
4668.99997770786  1.283372E-14
4670.39997768402  1.297993E-14
4671.79997766018  1.304164E-14
4673.19997763634  1.303175E-14
4674.5999776125  1.309011E-14
4675.99997758865  1.300449E-14
4677.39997756481  1.310787E-14
4678.79997754097  1.322212E-14
4680.19997751713  1.332654E-14
4681.59997749329  1.347223E-14
4682.99997746944  1.336728E-14
4684.3999774456  1.323408E-14
4685.79997742176  1.325425E-14
4687.19997739792  1.330702E-14
4688.59997737408  1.339692E-14
4689.99997735024  1.333821E-14
4691.39997732639  1.333596E-14
4692.79997730255  1.336875E-14
4694.19997727871  1.329996E-14
4695.59997725487  1.329599E-14
4696.99997723103  1.323266E-14
4698.39997720718  1.298852E-14
4699.79997718334  1.301514E-14
4701.1999771595  1.298825E-14
4702.59997713566  1.289664E-14
4703.99997711182  1.291785E-14
4705.39997708797  1.300840E-14
4706.79997706413  1.316776E-14
4708.19997704029  1.316992E-14
4709.59997701645  1.335380E-14
4710.99997699261  1.349590E-14
4712.39997696877  1.356434E-14
4713.79997694492  1.383421E-14
4715.19997692108  1.398458E-14
4716.59997689724  1.412642E-14
4717.9999768734  1.421920E-14
4719.39997684956  1.431995E-14
4720.79997682571  1.434149E-14
4722.19997680187  1.432876E-14
4723.59997677803  1.428158E-14
4724.99997675419  1.412230E-14
4726.39997673035  1.387711E-14
4727.7999767065  1.384118E-14
4729.19997668266  1.389251E-14
4730.59997665882  1.394003E-14
4731.99997663498  1.377196E-14
4733.39997661114  1.378240E-14
4734.79997658729  1.389649E-14
4736.19997656345  1.400431E-14
4737.59997653961  1.408478E-14
4738.99997651577  1.433339E-14
4740.39997649193  1.467126E-14
4741.79997646808  1.466098E-14
4743.19997644424  1.472833E-14
4744.5999764204  1.467752E-14
4745.99997639656  1.461140E-14
4747.39997637272  1.458051E-14
4748.79997634888  1.458936E-14
4750.19997632504  1.466401E-14
4751.59997630119  1.449411E-14
4752.99997627735  1.434623E-14
4754.39997625351  1.444243E-14
4755.79997622967  1.442861E-14
4757.19997620583  1.428287E-14
4758.59997618198  1.413138E-14
4759.99997615814  1.392198E-14
4761.3999761343  1.393920E-14
4762.79997611046  1.388091E-14
4764.19997608662  1.378424E-14
4765.59997606278  1.389985E-14
4766.99997603893  1.393575E-14
4768.39997601509  1.389818E-14
4769.79997599125  1.387490E-14
4771.19997596741  1.411678E-14
4772.59997594357  1.428995E-14
4773.99997591972  1.426049E-14
4775.39997589588  1.432432E-14
4776.79997587204  1.446146E-14
4778.1999758482  1.449594E-14
4779.59997582436  1.433744E-14
4780.99997580051  1.417139E-14
4782.39997577667  1.409806E-14
4783.79997575283  1.413812E-14
4785.19997572899  1.421953E-14
4786.59997570515  1.430296E-14
4787.9999756813  1.439677E-14
4789.39997565746  1.448309E-14
4790.79997563362  1.455295E-14
4792.19997560978  1.473515E-14
4793.59997558594  1.491889E-14
4794.9999755621  1.497937E-14
4796.39997553825  1.494481E-14
4797.79997551441  1.495329E-14
4799.19997549057  1.503611E-14
4800.59997546673  1.493825E-14
4801.99997544289  1.489061E-14
4803.39997541905  1.487823E-14
4804.7999753952  1.486513E-14
4806.19997537136  1.481820E-14
4807.59997534752  1.476438E-14
4808.99997532368  1.477374E-14
4810.39997529984  1.483602E-14
4811.79997527599  1.483894E-14
4813.19997525215  1.479327E-14
4814.59997522831  1.475494E-14
4815.99997520447  1.483142E-14
4817.39997518063  1.503803E-14
4818.79997515678  1.501475E-14
4820.19997513294  1.488831E-14
4821.5999751091  1.487860E-14
4822.99997508526  1.485499E-14
4824.39997506142  1.460373E-14
4825.79997503757  1.460490E-14
4827.19997501373  1.473100E-14
4828.59997498989  1.462188E-14
4829.99997496605  1.443708E-14
4831.39997494221  1.426032E-14
4832.79997491837  1.421400E-14
4834.19997489452  1.435965E-14
4835.59997487068  1.446035E-14
4836.99997484684  1.443113E-14
4838.399974823  1.444279E-14
4839.79997479916  1.439210E-14
4841.19997477531  1.446725E-14
4842.59997475147  1.445016E-14
4843.99997472763  1.437234E-14
4845.39997470379  1.435086E-14
4846.79997467995  1.426990E-14
4848.19997465611  1.417752E-14
4849.59997463226  1.413640E-14
4850.99997460842  1.412552E-14
4852.39997458458  1.398026E-14
4853.79997456074  1.367350E-14
4855.1999745369  1.347970E-14
4856.59997451305  1.337277E-14
4857.99997448921  1.323184E-14
4859.39997446537  1.301060E-14
4860.79997444153  1.286409E-14
4862.19997441769  1.286769E-14
4863.59997439384  1.283437E-14
4864.99997437  1.292908E-14
4866.39997434616  1.293314E-14
4867.79997432232  1.291301E-14
4869.19997429848  1.311974E-14
4870.59997427463  1.323776E-14
4871.99997425079  1.343522E-14
4873.39997422695  1.369444E-14
4874.79997420311  1.364702E-14
4876.19997417927  1.352184E-14
4877.59997415543  1.369014E-14
4878.99997413158  1.390749E-14
4880.39997410774  1.387840E-14
4881.7999740839  1.390477E-14
4883.19997406006  1.397397E-14
4884.59997403622  1.402214E-14
4885.99997401238  1.408179E-14
4887.39997398853  1.386847E-14
4888.79997396469  1.382598E-14
4890.19997394085  1.401303E-14
4891.59997391701  1.417835E-14
4892.99997389317  1.433743E-14
4894.39997386932  1.454843E-14
4895.79997384548  1.488213E-14
4897.19997382164  1.490195E-14
4898.5999737978  1.500767E-14
4899.99997377396  1.512289E-14
4901.39997375011  1.512330E-14
4902.79997372627  1.500806E-14
4904.19997370243  1.495103E-14
4905.59997367859  1.482746E-14
4906.99997365475  1.467921E-14
4908.3999736309  1.460871E-14
4909.79997360706  1.442973E-14
4911.19997358322  1.444753E-14
4912.59997355938  1.449008E-14
4913.99997353554  1.441338E-14
4915.39997351169  1.438172E-14
4916.79997348785  1.418726E-14
4918.19997346401  1.408713E-14
4919.59997344017  1.407793E-14
4920.99997341633  1.400117E-14
4922.39997339249  1.404516E-14
4923.79997336864  1.416365E-14
4925.1999733448  1.426888E-14
4926.59997332096  1.448317E-14
4927.99997329712  1.466396E-14
4929.39997327328  1.473595E-14
4930.79997324944  1.487952E-14
4932.19997322559  1.491000E-14
4933.59997320175  1.470310E-14
4934.99997317791  1.454965E-14
4936.39997315407  1.465367E-14
4937.79997313023  1.476745E-14
4939.19997310639  1.474358E-14
4940.59997308254  1.478325E-14
4941.9999730587  1.495389E-14
4943.39997303486  1.517143E-14
4944.79997301102  1.537053E-14
4946.19997298718  1.532577E-14
4947.59997296333  1.521761E-14
4948.99997293949  1.540970E-14
4950.39997291565  1.540873E-14
4951.79997289181  1.513421E-14
4953.19997286797  1.505041E-14
4954.59997284412  1.499189E-14
4955.99997282028  1.473179E-14
4957.39997279644  1.462182E-14
4958.7999727726  1.459302E-14
4960.19997274876  1.445904E-14
4961.59997272491  1.427035E-14
4962.99997270107  1.423088E-14
4964.39997267723  1.439730E-14
4965.79997265339  1.443014E-14
4967.19997262955  1.440003E-14
4968.59997260571  1.433784E-14
4969.99997258186  1.417864E-14
4971.39997255802  1.416594E-14
4972.79997253418  1.423433E-14
4974.19997251034  1.422565E-14
4975.5999724865  1.414521E-14
4976.99997246265  1.387422E-14
4978.39997243881  1.353425E-14
4979.79997241497  1.347852E-14
4981.19997239113  1.350653E-14
4982.59997236729  1.346963E-14
4983.99997234345  1.343357E-14
4985.3999723196  1.353882E-14
4986.79997229576  1.365211E-14
4988.19997227192  1.376485E-14
4989.59997224808  1.378918E-14
4990.99997222424  1.390605E-14
4992.39997220039  1.393265E-14
4993.79997217655  1.388458E-14
4995.19997215271  1.380053E-14
4996.59997212887  1.375098E-14
4997.99997210503  1.376833E-14
4999.39997208118  1.353833E-14
5000.79997205734  1.324995E-14
5002.1999720335  1.311941E-14
5003.59997200966  1.310420E-14
5004.99997198582  1.304379E-14
5006.39997196198  1.298564E-14
5007.79997193813  1.312880E-14
5009.19997191429  1.291166E-14
5010.59997189045  1.265635E-14
5011.99997186661  1.263839E-14
5013.39997184277  1.261092E-14
5014.79997181892  1.256671E-14
5016.19997179508  1.255078E-14
5017.59997177124  1.266981E-14
5018.9999717474  1.270380E-14
5020.39997172356  1.296442E-14
5021.79997169971  1.299028E-14
5023.19997167587  1.307735E-14
5024.59997165203  1.319274E-14
5025.99997162819  1.331217E-14
5027.39997160435  1.348222E-14
5028.79997158051  1.349480E-14
5030.19997155666  1.341413E-14
5031.59997153282  1.337759E-14
5032.99997150898  1.339341E-14
5034.39997148514  1.340618E-14
5035.7999714613  1.336457E-14
5037.19997143745  1.322964E-14
5038.59997141361  1.306466E-14
5039.99997138977  1.308340E-14
5041.39997136593  1.318953E-14
5042.79997134209  1.326657E-14
5044.19997131825  1.335180E-14
5045.5999712944  1.344070E-14
5046.99997127056  1.339385E-14
5048.39997124672  1.340532E-14
5049.79997122288  1.360113E-14
5051.19997119904  1.364216E-14
5052.59997117519  1.379613E-14
5053.99997115135  1.393674E-14
5055.39997112751  1.404739E-14
5056.79997110367  1.417891E-14
5058.19997107983  1.407221E-14
5059.59997105598  1.395504E-14
5060.99997103214  1.400346E-14
5062.3999710083  1.389842E-14
5063.79997098446  1.390933E-14
5065.19997096062  1.376381E-14
5066.59997093678  1.374803E-14
5067.99997091293  1.366537E-14
5069.39997088909  1.344145E-14
5070.79997086525  1.336573E-14
5072.19997084141  1.323446E-14
5073.59997081757  1.321024E-14
5074.99997079372  1.303656E-14
5076.39997076988  1.300787E-14
5077.79997074604  1.302980E-14
5079.1999707222  1.287276E-14
5080.59997069836  1.287322E-14
5081.99997067452  1.302185E-14
5083.39997065067  1.316233E-14
5084.79997062683  1.320092E-14
5086.19997060299  1.324646E-14
5087.59997057915  1.342287E-14
5088.99997055531  1.354869E-14
5090.39997053146  1.356173E-14
5091.79997050762  1.353092E-14
5093.19997048378  1.346049E-14
5094.59997045994  1.328551E-14
5095.9999704361  1.315278E-14
5097.39997041226  1.310379E-14
5098.79997038841  1.318117E-14
5100.19997036457  1.305229E-14
5101.59997034073  1.296691E-14
5102.99997031689  1.301392E-14
5104.39997029305  1.295666E-14
5105.7999702692  1.295758E-14
5107.19997024536  1.311304E-14
5108.59997022152  1.327791E-14
5109.99997019768  1.327848E-14
5111.39997017384  1.325716E-14
5112.79997014999  1.343687E-14
5114.19997012615  1.348142E-14
5115.59997010231  1.342123E-14
5116.99997007847  1.343800E-14
5118.39997005463  1.337258E-14
5119.79997003079  1.319712E-14
5121.19997000694  1.301196E-14
5122.5999699831  1.294989E-14
5123.99996995926  1.292799E-14
5125.39996993542  1.284581E-14
5126.79996991158  1.281583E-14
5128.19996988773  1.270968E-14
5129.59996986389  1.284429E-14
5130.99996984005  1.305795E-14
5132.39996981621  1.294387E-14
5133.79996979237  1.291348E-14
5135.19996976853  1.299186E-14
5136.59996974468  1.302904E-14
5137.99996972084  1.315066E-14
5139.399969697  1.318862E-14
5140.79996967316  1.302352E-14
5142.19996964932  1.289125E-14
5143.59996962547  1.289701E-14
5144.99996960163  1.286634E-14
5146.39996957779  1.273963E-14
5147.79996955395  1.268080E-14
5149.19996953011  1.268847E-14
5150.59996950626  1.276684E-14
5151.99996948242  1.282163E-14
5153.39996945858  1.282995E-14
5154.79996943474  1.285527E-14
5156.1999694109  1.293288E-14
5157.59996938705  1.261205E-14
5158.99996936321  1.232355E-14
5160.39996933937  1.215942E-14
5161.79996931553  1.180726E-14
5163.19996929169  1.126804E-14
5164.59996926784  1.103150E-14
5165.999969244  1.079477E-14
5167.39996922016  1.038374E-14
5168.79996919632  1.034525E-14
5170.19996917248  1.021371E-14
5171.59996914864  1.016820E-14
5172.99996912479  1.026023E-14
5174.39996910095  1.030540E-14
5175.79996907711  1.042141E-14
5177.19996905327  1.056496E-14
5178.59996902943  1.061495E-14
5179.99996900559  1.076643E-14
5181.39996898174  1.100873E-14
5182.7999689579  1.121611E-14
5184.19996893406  1.137415E-14
5185.59996891022  1.151730E-14
5186.99996888638  1.184137E-14
5188.39996886253  1.216920E-14
5189.79996883869  1.236837E-14
5191.19996881485  1.263367E-14
5192.59996879101  1.292831E-14
5193.99996876717  1.305246E-14
5195.39996874333  1.319415E-14
5196.79996871948  1.335236E-14
5198.19996869564  1.332170E-14
5199.5999686718  1.322883E-14
5200.99996864796  1.313857E-14
5202.39996862412  1.298843E-14
5203.79996860027  1.298330E-14
5205.19996857643  1.290802E-14
5206.59996855259  1.274362E-14
5207.99996852875  1.278596E-14
5209.39996850491  1.302513E-14
5210.79996848106  1.342484E-14
5212.19996845722  1.366997E-14
5213.59996843338  1.372835E-14
5214.99996840954  1.393814E-14
5216.3999683857  1.417794E-14
5217.79996836185  1.422316E-14
5219.19996833801  1.404224E-14
5220.59996831417  1.403415E-14
5221.99996829033  1.414625E-14
5223.39996826649  1.409034E-14
5224.79996824265  1.399278E-14
5226.1999682188  1.386774E-14
5227.59996819496  1.396917E-14
5228.99996817112  1.421840E-14
5230.39996814728  1.428206E-14
5231.79996812344  1.440362E-14
5233.19996809959  1.457299E-14
5234.59996807575  1.467578E-14
5235.99996805191  1.488394E-14
5237.39996802807  1.501579E-14
5238.79996800423  1.499281E-14
5240.19996798039  1.504365E-14
5241.59996795654  1.502255E-14
5242.9999679327  1.482221E-14
5244.39996790886  1.486811E-14
5245.79996788502  1.490659E-14
5247.19996786118  1.474006E-14
5248.59996783733  1.461192E-14
5249.99996781349  1.453332E-14
5251.39996778965  1.456095E-14
5252.79996776581  1.465859E-14
5254.19996774197  1.457954E-14
5255.59996771812  1.446380E-14
5256.99996769428  1.431318E-14
5258.39996767044  1.406900E-14
5259.7999676466  1.374542E-14
5261.19996762276  1.346236E-14
5262.59996759891  1.336009E-14
5263.99996757507  1.311609E-14
5265.39996755123  1.291410E-14
5266.79996752739  1.295775E-14
5268.19996750355  1.318318E-14
5269.59996747971  1.324775E-14
5270.99996745586  1.343125E-14
5272.39996743202  1.366819E-14
5273.79996740818  1.394724E-14
5275.19996738434  1.420404E-14
5276.5999673605  1.436872E-14
5277.99996733666  1.470525E-14
5279.39996731281  1.495109E-14
5280.79996728897  1.508885E-14
5282.19996726513  1.521382E-14
5283.59996724129  1.544733E-14
5284.99996721745  1.568067E-14
5286.3999671936  1.578625E-14
5287.79996716976  1.570679E-14
5289.19996714592  1.562308E-14
5290.59996712208  1.545270E-14
5291.99996709824  1.558542E-14
5293.3999670744  1.567638E-14
5294.79996705055  1.550005E-14
5296.19996702671  1.531961E-14
5297.59996700287  1.532090E-14
5298.99996697903  1.542997E-14
5300.39996695519  1.565521E-14
5301.79996693134  1.573986E-14
5303.1999669075  1.601276E-14
5304.59996688366  1.614822E-14
5305.99996685982  1.624241E-14
5307.39996683598  1.642129E-14
5308.79996681213  1.652241E-14
5310.19996678829  1.642748E-14
5311.59996676445  1.630215E-14
5312.99996674061  1.627772E-14
5314.39996671677  1.627437E-14
5315.79996669293  1.604053E-14
5317.19996666908  1.572361E-14
5318.59996664524  1.560536E-14
5319.9999666214  1.532352E-14
5321.39996659756  1.526259E-14
5322.79996657372  1.497582E-14
5324.19996654987  1.465533E-14
5325.59996652603  1.456911E-14
5326.99996650219  1.460417E-14
5328.39996647835  1.462577E-14
5329.79996645451  1.457640E-14
5331.19996643066  1.469406E-14
5332.59996640682  1.489312E-14
5333.99996638298  1.493622E-14
5335.39996635914  1.495541E-14
5336.7999663353  1.513034E-14
5338.19996631146  1.522635E-14
5339.59996628761  1.517419E-14
5340.99996626377  1.529717E-14
5342.39996623993  1.532623E-14
5343.79996621609  1.533317E-14
5345.19996619225  1.541388E-14
5346.5999661684  1.538502E-14
5347.99996614456  1.550909E-14
5349.39996612072  1.582929E-14
5350.79996609688  1.606382E-14
5352.19996607304  1.616991E-14
5353.59996604919  1.627527E-14
5354.99996602535  1.633630E-14
5356.39996600151  1.637009E-14
5357.79996597767  1.634417E-14
5359.19996595383  1.629325E-14
5360.59996592998  1.636106E-14
5361.99996590614  1.615784E-14
5363.3999658823  1.583415E-14
5364.79996585846  1.570641E-14
5366.19996583462  1.560137E-14
5367.59996581078  1.559478E-14
5368.99996578693  1.559497E-14
5370.39996576309  1.553154E-14
5371.79996573925  1.554155E-14
5373.19996571541  1.558248E-14
5374.59996569157  1.561867E-14
5375.99996566773  1.575660E-14
5377.39996564388  1.581145E-14
5378.79996562004  1.591089E-14
5380.1999655962  1.589483E-14
5381.59996557236  1.598638E-14
5382.99996554852  1.594036E-14
5384.39996552467  1.590804E-14
5385.79996550083  1.584304E-14
5387.19996547699  1.556821E-14
5388.59996545315  1.539717E-14
5389.99996542931  1.535024E-14
5391.39996540547  1.512524E-14
5392.79996538162  1.492147E-14
5394.19996535778  1.479106E-14
5395.59996533394  1.476812E-14
5396.9999653101  1.487594E-14
5398.39996528626  1.475651E-14
5399.79996526241  1.449797E-14
5401.19996523857  1.458764E-14
5402.59996521473  1.472071E-14
5403.99996519089  1.470001E-14
5405.39996516705  1.455718E-14
5406.7999651432  1.446226E-14
5408.19996511936  1.468876E-14
5409.59996509552  1.494146E-14
5410.99996507168  1.509204E-14
5412.39996504784  1.537004E-14
5413.79996502399  1.551252E-14
5415.19996500015  1.560120E-14
5416.59996497631  1.577474E-14
5417.99996495247  1.590573E-14
5419.39996492863  1.595856E-14
5420.79996490479  1.596870E-14
5422.19996488094  1.575262E-14
5423.5999648571  1.559098E-14
5424.99996483326  1.552743E-14
5426.39996480942  1.542878E-14
5427.79996478558  1.550524E-14
5429.19996476173  1.549862E-14
5430.59996473789  1.540197E-14
5431.99996471405  1.549254E-14
5433.39996469021  1.554785E-14
5434.79996466637  1.561623E-14
5436.19996464252  1.558721E-14
5437.59996461868  1.548005E-14
5438.99996459484  1.560014E-14
5440.399964571  1.585433E-14
5441.79996454716  1.588559E-14
5443.19996452332  1.576441E-14
5444.59996449947  1.558505E-14
5445.99996447563  1.557774E-14
5447.39996445179  1.545753E-14
5448.79996442795  1.536802E-14
5450.19996440411  1.538127E-14
5451.59996438026  1.519163E-14
5452.99996435642  1.520110E-14
5454.39996433258  1.514527E-14
5455.79996430874  1.510565E-14
5457.1999642849  1.528666E-14
5458.59996426106  1.537299E-14
5459.99996423721  1.531672E-14
5461.39996421337  1.529317E-14
5462.79996418953  1.528097E-14
5464.19996416569  1.539076E-14
5465.59996414185  1.535885E-14
5466.999964118  1.530706E-14
5468.39996409416  1.526560E-14
5469.79996407032  1.517112E-14
5471.19996404648  1.500009E-14
5472.59996402264  1.500123E-14
5473.99996399879  1.515756E-14
5475.39996397495  1.524804E-14
5476.79996395111  1.508844E-14
5478.19996392727  1.500473E-14
5479.59996390343  1.495538E-14
5480.99996387959  1.506679E-14
5482.39996385574  1.530842E-14
5483.7999638319  1.527310E-14
5485.19996380806  1.521206E-14
5486.59996378422  1.540577E-14
5487.99996376038  1.558966E-14
5489.39996373654  1.549591E-14
5490.79996371269  1.555447E-14
5492.19996368885  1.549704E-14
5493.59996366501  1.545328E-14
5494.99996364117  1.565485E-14
5496.39996361733  1.546482E-14
5497.79996359348  1.539568E-14
5499.19996356964  1.545633E-14
5500.5999635458  1.524027E-14
5501.99996352196  1.525272E-14
5503.39996349812  1.525253E-14
5504.79996347427  1.535425E-14
5506.19996345043  1.544488E-14
5507.59996342659  1.535717E-14
5508.99996340275  1.534647E-14
5510.39996337891  1.544510E-14
5511.79996335506  1.530089E-14
5513.19996333122  1.532812E-14
5514.59996330738  1.531327E-14
5515.99996328354  1.545323E-14
5517.3999632597  1.552334E-14
5518.79996323586  1.553440E-14
5520.19996321201  1.556061E-14
5521.59996318817  1.552908E-14
5522.99996316433  1.550410E-14
5524.39996314049  1.566684E-14
5525.79996311665  1.555051E-14
5527.1999630928  1.542180E-14
5528.59996306896  1.555046E-14
5529.99996304512  1.562731E-14
5531.39996302128  1.572617E-14
5532.79996299744  1.574751E-14
5534.1999629736  1.587980E-14
5535.59996294975  1.592375E-14
5536.99996292591  1.605554E-14
5538.39996290207  1.609793E-14
5539.79996287823  1.614458E-14
5541.19996285439  1.618852E-14
5542.59996283054  1.623625E-14
5543.9999628067  1.624159E-14
5545.39996278286  1.635192E-14
5546.79996275902  1.652783E-14
5548.19996273518  1.651481E-14
5549.59996271133  1.654578E-14
5550.99996268749  1.665106E-14
5552.39996266365  1.663533E-14
5553.79996263981  1.670576E-14
5555.19996261597  1.646829E-14
5556.59996259213  1.643720E-14
5557.99996256828  1.605738E-14
5559.39996254444  1.614039E-14
5560.7999625206  1.596666E-14
5562.19996249676  1.558390E-14
5563.59996247292  1.582416E-14
5564.99996244907  1.586366E-14
5566.39996242523  1.589688E-14
5567.79996240139  1.593228E-14
5569.19996237755  1.587170E-14
5570.59996235371  1.585446E-14
5571.99996232986  1.578112E-14
5573.39996230602  1.574468E-14
5574.79996228218  1.576737E-14
5576.19996225834  1.559612E-14
5577.5999622345  1.560145E-14
5578.99996221066  1.553486E-14
5580.39996218681  1.547912E-14
5581.79996216297  1.537489E-14
5583.19996213913  1.530626E-14
5584.59996211529  1.516071E-14
5585.99996209145  1.495597E-14
5587.39996206761  1.502332E-14
5588.79996204376  1.495280E-14
5590.19996201992  1.489856E-14
5591.59996199608  1.499995E-14
5592.99996197224  1.525313E-14
5594.3999619484  1.532168E-14
5595.79996192455  1.520026E-14
5597.19996190071  1.535637E-14
5598.59996187687  1.574237E-14
5599.99996185303  1.566532E-14
5601.39996182919  1.562169E-14
5602.79996180534  1.593156E-14
5604.1999617815  1.604150E-14
5605.59996175766  1.609183E-14
5606.99996173382  1.627386E-14
5608.39996170998  1.611090E-14
5609.79996168613  1.598378E-14
5611.19996166229  1.624291E-14
5612.59996163845  1.598137E-14
5613.99996161461  1.578293E-14
5615.39996159077  1.567502E-14
5616.79996156692  1.560519E-14
5618.19996154308  1.556219E-14
5619.59996151924  1.547153E-14
5620.9999614954  1.557967E-14
5622.39996147156  1.550756E-14
5623.79996144772  1.528736E-14
5625.19996142388  1.552499E-14
5626.59996140003  1.558598E-14
5627.99996137619  1.563914E-14
5629.39996135235  1.572851E-14
5630.79996132851  1.572169E-14
5632.19996130467  1.571315E-14
5633.59996128082  1.577860E-14
5634.99996125698  1.574074E-14
5636.39996123314  1.566750E-14
5637.7999612093  1.594925E-14
5639.19996118546  1.603239E-14
5640.59996116161  1.592920E-14
5641.99996113777  1.594050E-14
5643.39996111393  1.573133E-14
5644.79996109009  1.597319E-14
5646.19996106625  1.602819E-14
5647.5999610424  1.604332E-14
5648.99996101856  1.605727E-14
5650.39996099472  1.616469E-14
5651.79996097088  1.616784E-14
5653.19996094704  1.608807E-14
5654.59996092319  1.593783E-14
5655.99996089935  1.586102E-14
5657.39996087551  1.583041E-14
5658.79996085167  1.566946E-14
5660.19996082783  1.575923E-14
5661.59996080398  1.578820E-14
5662.99996078014  1.564833E-14
5664.3999607563  1.575792E-14
5665.79996073246  1.607779E-14
5667.19996070862  1.631007E-14
5668.59996068478  1.610667E-14
5669.99996066093  1.597267E-14
5671.39996063709  1.591612E-14
5672.79996061325  1.614625E-14
5674.19996058941  1.630676E-14
5675.59996056557  1.615342E-14
5676.99996054173  1.602528E-14
5678.39996051788  1.596966E-14
5679.79996049404  1.600737E-14
5681.1999604702  1.607069E-14
5682.59996044636  1.603705E-14
5683.99996042252  1.612623E-14
5685.39996039868  1.606938E-14
5686.79996037483  1.609149E-14
5688.19996035099  1.605008E-14
5689.59996032715  1.595220E-14
5690.99996030331  1.604976E-14
5692.39996027947  1.627923E-14
5693.79996025562  1.634034E-14
5695.19996023178  1.631491E-14
5696.59996020794  1.616049E-14
5697.9999601841  1.610101E-14
5699.39996016026  1.595562E-14
5700.79996013641  1.568098E-14
5702.19996011257  1.573553E-14
5703.59996008873  1.569249E-14
5704.99996006489  1.583775E-14
5706.39996004105  1.570509E-14
5707.7999600172  1.563334E-14
5709.19995999336  1.562455E-14
5710.59995996952  1.575095E-14
5711.99995994568  1.594076E-14
5713.39995992184  1.611601E-14
5714.799959898  1.603764E-14
5716.19995987415  1.630105E-14
5717.59995985031  1.655922E-14
5718.99995982647  1.658034E-14
5720.39995980263  1.665117E-14
5721.79995977879  1.658706E-14
5723.19995975495  1.665905E-14
5724.5999597311  1.653022E-14
5725.99995970726  1.648023E-14
5727.39995968342  1.670982E-14
5728.79995965958  1.683955E-14
5730.19995963574  1.679860E-14
5731.59995961189  1.682241E-14
5732.99995958805  1.687647E-14
5734.39995956421  1.675036E-14
5735.79995954037  1.649078E-14
5737.19995951653  1.683333E-14
5738.59995949268  1.693806E-14
5739.99995946884  1.686819E-14
5741.399959445  1.674861E-14
5742.79995942116  1.660536E-14
5744.19995939732  1.680157E-14
5745.59995937347  1.699481E-14
5746.99995934963  1.685988E-14
5748.39995932579  1.666923E-14
5749.79995930195  1.676519E-14
5751.19995927811  1.671997E-14
5752.59995925426  1.663954E-14
5753.99995923042  1.656123E-14
5755.39995920658  1.648919E-14
5756.79995918274  1.660241E-14
5758.1999591589  1.664795E-14
5759.59995913505  1.662876E-14
5760.99995911121  1.668586E-14
5762.39995908737  1.665353E-14
5763.79995906353  1.674345E-14
5765.19995903969  1.668384E-14
5766.59995901585  1.659976E-14
5767.99995899201  1.658552E-14
5769.39995896816  1.667367E-14
5770.79995894432  1.674675E-14
5772.19995892048  1.657895E-14
5773.59995889664  1.655675E-14
5774.9999588728  1.662902E-14
5776.39995884895  1.630959E-14
5777.79995882511  1.604940E-14
5779.19995880127  1.609186E-14
5780.59995877743  1.607731E-14
5781.99995875359  1.606707E-14
5783.39995872974  1.592132E-14
5784.7999587059  1.610557E-14
5786.19995868206  1.628845E-14
5787.59995865822  1.616631E-14
5788.99995863438  1.625933E-14
5790.39995861054  1.668194E-14
5791.79995858669  1.684175E-14
5793.19995856285  1.699852E-14
5794.59995853901  1.701105E-14
5795.99995851517  1.721838E-14
5797.39995849133  1.724434E-14
5798.79995846748  1.723340E-14
5800.19995844364  1.718922E-14
5801.5999584198  1.722959E-14
5802.99995839596  1.749820E-14
5804.39995837212  1.768212E-14
5805.79995834828  1.742143E-14
5807.19995832443  1.737354E-14
5808.59995830059  1.744353E-14
5809.99995827675  1.745581E-14
5811.39995825291  1.741476E-14
5812.79995822907  1.746821E-14
5814.19995820522  1.746418E-14
5815.59995818138  1.727834E-14
5816.99995815754  1.756216E-14
5818.3999581337  1.757757E-14
5819.79995810986  1.732459E-14
5821.19995808601  1.739966E-14
5822.59995806217  1.749892E-14
5823.99995803833  1.755777E-14
5825.39995801449  1.754749E-14
5826.79995799065  1.767600E-14
5828.1999579668  1.765819E-14
5829.59995794296  1.742774E-14
5830.99995791912  1.727056E-14
5832.39995789528  1.726728E-14
5833.79995787144  1.739087E-14
5835.1999578476  1.756756E-14
5836.59995782375  1.767175E-14
5837.99995779991  1.765199E-14
5839.39995777607  1.752210E-14
5840.79995775223  1.725558E-14
5842.19995772839  1.723778E-14
5843.59995770454  1.702607E-14
5844.9999576807  1.704392E-14
5846.39995765686  1.706464E-14
5847.79995763302  1.704498E-14
5849.19995760918  1.704529E-14
5850.59995758533  1.669065E-14
5851.99995756149  1.646010E-14
5853.39995753765  1.653943E-14
5854.79995751381  1.647053E-14
5856.19995748997  1.646530E-14
5857.59995746613  1.642913E-14
5858.99995744228  1.632070E-14
5860.39995741844  1.627925E-14
5861.7999573946  1.608514E-14
5863.19995737076  1.616274E-14
5864.59995734692  1.620260E-14
5865.99995732307  1.616768E-14
5867.39995729923  1.613216E-14
5868.79995727539  1.619647E-14
5870.19995725155  1.615650E-14
5871.59995722771  1.590559E-14
5872.99995720387  1.582670E-14
5874.39995718002  1.570141E-14
5875.79995715618  1.544785E-14
5877.19995713234  1.508219E-14
5878.5999571085  1.465368E-14
5879.99995708466  1.432383E-14
5881.39995706081  1.413334E-14
5882.79995703697  1.354964E-14
5884.19995701313  1.313601E-14
5885.59995698929  1.272893E-14
5886.99995696545  1.227755E-14
5888.39995694161  1.188670E-14
5889.79995691776  1.176706E-14
5891.19995689392  1.161627E-14
5892.59995687008  1.161264E-14
5893.99995684624  1.194012E-14
5895.3999568224  1.206528E-14
5896.79995679855  1.244917E-14
5898.19995677471  1.297366E-14
5899.59995675087  1.341521E-14
5900.99995672703  1.399770E-14
5902.39995670319  1.453321E-14
5903.79995667935  1.481190E-14
5905.1999566555  1.523630E-14
5906.59995663166  1.556653E-14
5907.99995660782  1.577988E-14
5909.39995658398  1.588822E-14
5910.79995656014  1.585239E-14
5912.19995653629  1.599419E-14
5913.59995651245  1.613587E-14
5914.99995648861  1.628161E-14
5916.39995646477  1.598572E-14
5917.79995644093  1.596856E-14
5919.19995641708  1.630252E-14
5920.59995639324  1.627858E-14
5921.9999563694  1.612450E-14
5923.39995634556  1.613886E-14
5924.79995632172  1.614785E-14
5926.19995629787  1.629323E-14
5927.59995627403  1.637158E-14
5928.99995625019  1.642655E-14
5930.39995622635  1.625361E-14
5931.79995620251  1.625058E-14
5933.19995617867  1.650779E-14
5934.59995615482  1.652567E-14
5935.99995613098  1.638801E-14
5937.39995610714  1.653386E-14
5938.7999560833  1.630438E-14
5940.19995605946  1.628232E-14
5941.59995603561  1.650943E-14
5942.99995601177  1.669250E-14
5944.39995598793  1.676287E-14
5945.79995596409  1.662501E-14
5947.19995594025  1.628456E-14
5948.59995591641  1.636472E-14
5949.99995589256  1.645228E-14
5951.39995586872  1.639943E-14
5952.79995584488  1.630756E-14
5954.19995582104  1.638094E-14
5955.5999557972  1.640664E-14
5956.99995577335  1.635870E-14
5958.39995574951  1.646225E-14
5959.79995572567  1.665886E-14
5961.19995570183  1.685435E-14
5962.59995567799  1.681106E-14
5963.99995565414  1.677299E-14
5965.3999556303  1.674527E-14
5966.79995560646  1.669566E-14
5968.19995558262  1.666828E-14
5969.59995555878  1.663893E-14
5970.99995553494  1.685417E-14
5972.39995551109  1.677547E-14
5973.79995548725  1.672832E-14
5975.19995546341  1.698358E-14
5976.59995543957  1.652337E-14
5977.99995541573  1.651579E-14
5979.39995539188  1.664136E-14
5980.79995536804  1.658118E-14
5982.1999553442  1.631142E-14
5983.59995532036  1.625614E-14
5984.99995529652  1.628229E-14
5986.39995527268  1.606688E-14
5987.79995524883  1.625659E-14
5989.19995522499  1.633180E-14
5990.59995520115  1.608008E-14
5991.99995517731  1.649017E-14
5993.39995515347  1.650705E-14
5994.79995512962  1.644111E-14
5996.19995510578  1.637399E-14
5997.59995508194  1.633142E-14
5998.9999550581  1.644713E-14
6000.39995503426  1.627094E-14
6001.79995501041  1.609880E-14
6003.19995498657  1.622784E-14
6004.59995496273  1.648015E-14
6005.99995493889  1.632829E-14
6007.39995491505  1.607751E-14
6008.7999548912  1.614610E-14
6010.19995486736  1.621565E-14
6011.59995484352  1.622676E-14
6012.99995481968  1.631029E-14
6014.39995479584  1.631093E-14
6015.799954772  1.621472E-14
6017.19995474815  1.624627E-14
6018.59995472431  1.626154E-14
6019.99995470047  1.630145E-14
6021.39995467663  1.659317E-14
6022.79995465279  1.649177E-14
6024.19995462895  1.668057E-14
6025.5999546051  1.668364E-14
6026.99995458126  1.668998E-14
6028.39995455742  1.665976E-14
6029.79995453358  1.678059E-14
6031.19995450974  1.709621E-14
6032.59995448589  1.711526E-14
6033.99995446205  1.713785E-14
6035.39995443821  1.732150E-14
6036.79995441437  1.726597E-14
6038.19995439053  1.707399E-14
6039.59995436668  1.737909E-14
6040.99995434284  1.735467E-14
6042.399954319  1.727487E-14
6043.79995429516  1.720027E-14
6045.19995427132  1.733002E-14
6046.59995424747  1.724981E-14
6047.99995422363  1.741817E-14
6049.39995419979  1.734576E-14
6050.79995417595  1.720692E-14
6052.19995415211  1.745265E-14
6053.59995412826  1.736753E-14
6054.99995410442  1.744602E-14
6056.39995408058  1.716588E-14
6057.79995405674  1.704103E-14
6059.1999540329  1.738026E-14
6060.59995400906  1.741237E-14
6061.99995398521  1.704247E-14
6063.39995396137  1.723315E-14
6064.79995393753  1.718699E-14
6066.19995391369  1.721627E-14
6067.59995388985  1.727407E-14
6068.999953866  1.742963E-14
6070.39995384216  1.748235E-14
6071.79995381832  1.758225E-14
6073.19995379448  1.725788E-14
6074.59995377064  1.735336E-14
6075.9999537468  1.726276E-14
6077.39995372296  1.708002E-14
6078.79995369911  1.713315E-14
6080.19995367527  1.698622E-14
6081.59995365143  1.676997E-14
6082.99995362759  1.673659E-14
6084.39995360375  1.694710E-14
6085.7999535799  1.692764E-14
6087.19995355606  1.664007E-14
6088.59995353222  1.681552E-14
6089.99995350838  1.709238E-14
6091.39995348454  1.706912E-14
6092.79995346069  1.707107E-14
6094.19995343685  1.690922E-14
6095.59995341301  1.683379E-14
6096.99995338917  1.685707E-14
6098.39995336533  1.668191E-14
6099.79995334148  1.674926E-14
6101.19995331764  1.689423E-14
6102.5999532938  1.702546E-14
6103.99995326996  1.683991E-14
6105.39995324612  1.673216E-14
6106.79995322227  1.691449E-14
6108.19995319843  1.713444E-14
6109.59995317459  1.703229E-14
6110.99995315075  1.675128E-14
6112.39995312691  1.705096E-14
6113.79995310307  1.698486E-14
6115.19995307923  1.680400E-14
6116.59995305538  1.668033E-14
6117.99995303154  1.668629E-14
6119.3999530077  1.666123E-14
6120.79995298386  1.675385E-14
6122.19995296002  1.680493E-14
6123.59995293617  1.674712E-14
6124.99995291233  1.679532E-14
6126.39995288849  1.663039E-14
6127.79995286465  1.650213E-14
6129.19995284081  1.679063E-14
6130.59995281696  1.699158E-14
6131.99995279312  1.665012E-14
6133.39995276928  1.642448E-14
6134.79995274544  1.646584E-14
6136.1999527216  1.669591E-14
6137.59995269775  1.702436E-14
6138.99995267391  1.668886E-14
6140.39995265007  1.670763E-14
6141.79995262623  1.661610E-14
6143.19995260239  1.643830E-14
6144.59995257854  1.683412E-14
6145.9999525547  1.676257E-14
6147.39995253086  1.692967E-14
6148.79995250702  1.690626E-14
6150.19995248318  1.687194E-14
6151.59995245933  1.652951E-14
6152.99995243549  1.602518E-14
6154.39995241165  1.585140E-14
6155.79995238781  1.581971E-14
6157.19995236397  1.572543E-14
6158.59995234013  1.547146E-14
6159.99995231628  1.539004E-14
6161.39995229244  1.522538E-14
6162.7999522686  1.538625E-14
6164.19995224476  1.551543E-14
6165.59995222092  1.531028E-14
6166.99995219708  1.530655E-14
6168.39995217323  1.535270E-14
6169.79995214939  1.569849E-14
6171.19995212555  1.583296E-14
6172.59995210171  1.568483E-14
6173.99995207787  1.575955E-14
6175.39995205402  1.599234E-14
6176.79995203018  1.616122E-14
6178.19995200634  1.602296E-14
6179.5999519825  1.603251E-14
6180.99995195866  1.615033E-14
6182.39995193482  1.582289E-14
6183.79995191097  1.597677E-14
6185.19995188713  1.594997E-14
6186.59995186329  1.586986E-14
6187.99995183945  1.575078E-14
6189.39995181561  1.562328E-14
6190.79995179176  1.560258E-14
6192.19995176792  1.544568E-14
6193.59995174408  1.554764E-14
6194.99995172024  1.596167E-14
6196.3999516964  1.594047E-14
6197.79995167255  1.602076E-14
6199.19995164871  1.598445E-14
6200.59995162487  1.630529E-14
6201.99995160103  1.634046E-14
6203.39995157719  1.624007E-14
6204.79995155335  1.605629E-14
6206.1999515295  1.605237E-14
6207.59995150566  1.592547E-14
6208.99995148182  1.581498E-14
6210.39995145798  1.566470E-14
6211.79995143414  1.543475E-14
6213.19995141029  1.544060E-14
6214.59995138645  1.554203E-14
6215.99995136261  1.549899E-14
6217.39995133877  1.552445E-14
6218.79995131493  1.517848E-14
6220.19995129108  1.513786E-14
6221.59995126724  1.496295E-14
6222.9999512434  1.509864E-14
6224.39995121956  1.543807E-14
6225.79995119572  1.528509E-14
6227.19995117188  1.529255E-14
6228.59995114803  1.495652E-14
6229.99995112419  1.498470E-14
6231.39995110035  1.527719E-14
6232.79995107651  1.532278E-14
6234.19995105267  1.503639E-14
6235.59995102882  1.515457E-14
6236.99995100498  1.509011E-14
6238.39995098114  1.469734E-14
6239.7999509573  1.507078E-14
6241.19995093346  1.511369E-14
6242.59995090961  1.516382E-14
6243.99995088577  1.516704E-14
6245.39995086193  1.471371E-14
6246.79995083809  1.484378E-14
6248.19995081425  1.491998E-14
6249.5999507904  1.489896E-14
6250.99995076656  1.489476E-14
6252.39995074272  1.453729E-14
6253.79995071888  1.431442E-14
6255.19995069504  1.451421E-14
6256.5999506712  1.449428E-14
6257.99995064736  1.443615E-14
6259.39995062351  1.465947E-14
6260.79995059967  1.485485E-14
6262.19995057583  1.489797E-14
6263.59995055199  1.505775E-14
6264.99995052815  1.515733E-14
6266.3999505043  1.518414E-14
6267.79995048046  1.541431E-14
6269.19995045662  1.527957E-14
6270.59995043278  1.555975E-14
6271.99995040894  1.565159E-14
6273.39995038509  1.546626E-14
6274.79995036125  1.538833E-14
6276.19995033741  1.592985E-14
6277.59995031357  1.592095E-14
6278.99995028973  1.589180E-14
6280.39995026589  1.581159E-14
6281.79995024204  1.589288E-14
6283.1999502182  1.593715E-14
6284.59995019436  1.573487E-14
6285.99995017052  1.582385E-14
6287.39995014668  1.585494E-14
6288.79995012283  1.590559E-14
6290.19995009899  1.595700E-14
6291.59995007515  1.581467E-14
6292.99995005131  1.595528E-14
6294.39995002747  1.584524E-14
6295.79995000363  1.590476E-14
6297.19994997978  1.585045E-14
6298.59994995594  1.582403E-14
6299.9999499321  1.579342E-14
6301.39994990826  1.586726E-14
6302.79994988442  1.620361E-14
6304.19994986057  1.618340E-14
6305.59994983673  1.609206E-14
6306.99994981289  1.604082E-14
6308.39994978905  1.594489E-14
6309.79994976521  1.566294E-14
6311.19994974136  1.603545E-14
6312.59994971752  1.596135E-14
6313.99994969368  1.601804E-14
6315.39994966984  1.571452E-14
6316.799949646  1.588180E-14
6318.19994962215  1.604172E-14
6319.59994959831  1.601264E-14
6320.99994957447  1.619990E-14
6322.39994955063  1.612691E-14
6323.79994952679  1.627168E-14
6325.19994950295  1.611036E-14
6326.5999494791  1.634114E-14
6327.99994945526  1.643249E-14
6329.39994943142  1.669539E-14
6330.79994940758  1.639778E-14
6332.19994938374  1.608911E-14
6333.59994935989  1.636946E-14
6334.99994933605  1.642736E-14
6336.39994931221  1.652606E-14
6337.79994928837  1.658261E-14
6339.19994926453  1.610698E-14
6340.59994924068  1.601411E-14
6341.99994921684  1.627581E-14
6343.399949193  1.645151E-14
6344.79994916916  1.642208E-14
6346.19994914532  1.593592E-14
6347.59994912148  1.575971E-14
6348.99994909763  1.603592E-14
6350.39994907379  1.634992E-14
6351.79994904995  1.616746E-14
6353.19994902611  1.585707E-14
6354.59994900227  1.581527E-14
6355.99994897842  1.590298E-14
6357.39994895458  1.603517E-14
6358.79994893074  1.594297E-14
6360.1999489069  1.573428E-14
6361.59994888306  1.580818E-14
6362.99994885922  1.594616E-14
6364.39994883537  1.584142E-14
6365.79994881153  1.620876E-14
6367.19994878769  1.620451E-14
6368.59994876385  1.613471E-14
6369.99994874001  1.658742E-14
6371.39994871616  1.666399E-14
6372.79994869232  1.667092E-14
6374.19994866848  1.676084E-14
6375.59994864464  1.670931E-14
6376.9999486208  1.657395E-14
6378.39994859696  1.611106E-14
6379.79994857311  1.635275E-14
6381.19994854927  1.629285E-14
6382.59994852543  1.607387E-14
6383.99994850159  1.644839E-14
6385.39994847775  1.694960E-14
6386.7999484539  1.669545E-14
6388.19994843006  1.645178E-14
6389.59994840622  1.638140E-14
6390.99994838238  1.649866E-14
6392.39994835854  1.647127E-14
6393.79994833469  1.625914E-14
6395.19994831085  1.623163E-14
6396.59994828701  1.644319E-14
6397.99994826317  1.648885E-14
6399.39994823933  1.652128E-14
6400.79994821548  1.608111E-14
6402.19994819164  1.658502E-14
6403.5999481678  1.624434E-14
6404.99994814396  1.627987E-14
6406.39994812012  1.650357E-14
6407.79994809627  1.660846E-14
6409.19994807243  1.659225E-14
6410.59994804859  1.618738E-14
6411.99994802475  1.628828E-14
6413.39994800091  1.646331E-14
6414.79994797707  1.649949E-14
6416.19994795322  1.656558E-14
6417.59994792938  1.631369E-14
6418.99994790554  1.646293E-14
6420.3999478817  1.661652E-14
6421.79994785786  1.656993E-14
6423.19994783402  1.664411E-14
6424.59994781017  1.670207E-14
6425.99994778633  1.669259E-14
6427.39994776249  1.660774E-14
6428.79994773865  1.693066E-14
6430.19994771481  1.700825E-14
6431.59994769097  1.683204E-14
6432.99994766712  1.690646E-14
6434.39994764328  1.691543E-14
6435.79994761944  1.686883E-14
6437.1999475956  1.662155E-14
6438.59994757176  1.673773E-14
6439.99994754791  1.676252E-14
6441.39994752407  1.690718E-14
6442.79994750023  1.686659E-14
6444.19994747639  1.702041E-14
6445.59994745255  1.683248E-14
6446.9999474287  1.687160E-14
6448.39994740486  1.655755E-14
6449.79994738102  1.661699E-14
6451.19994735718  1.636494E-14
6452.59994733334  1.600948E-14
6453.99994730949  1.643181E-14
6455.39994728565  1.644860E-14
6456.79994726181  1.667339E-14
6458.19994723797  1.648927E-14
6459.59994721413  1.661463E-14
6460.99994719029  1.640843E-14
6462.39994716644  1.665090E-14
6463.7999471426  1.717476E-14
6465.19994711876  1.682928E-14
6466.59994709492  1.663811E-14
6467.99994707108  1.718144E-14
6469.39994704723  1.747080E-14
6470.79994702339  1.718425E-14
6472.19994699955  1.706119E-14
6473.59994697571  1.699141E-14
6474.99994695187  1.686364E-14
6476.39994692803  1.696428E-14
6477.79994690418  1.700923E-14
6479.19994688034  1.651874E-14
6480.5999468565  1.672606E-14
6481.99994683266  1.678496E-14
6483.39994680882  1.675697E-14
6484.79994678497  1.669236E-14
6486.19994676113  1.665740E-14
6487.59994673729  1.615654E-14
6488.99994671345  1.618453E-14
6490.39994668961  1.591937E-14
6491.79994666576  1.569764E-14
6493.19994664192  1.558843E-14
6494.59994661808  1.561747E-14
6495.99994659424  1.561951E-14
6497.3999465704  1.580718E-14
6498.79994654656  1.557855E-14
6500.19994652271  1.598232E-14
6501.59994649887  1.594436E-14
6502.99994647503  1.582979E-14
6504.39994645119  1.622021E-14
6505.79994642735  1.676685E-14
6507.1999464035  1.650436E-14
6508.59994637966  1.607063E-14
6509.99994635582  1.590288E-14
6511.39994633198  1.648366E-14
6512.79994630814  1.698002E-14
6514.1999462843  1.653370E-14
6515.59994626045  1.651338E-14
6516.99994623661  1.663950E-14
6518.39994621277  1.658961E-14
6519.79994618893  1.710680E-14
6521.19994616509  1.694674E-14
6522.59994614124  1.677723E-14
6523.9999461174  1.684794E-14
6525.39994609356  1.706677E-14
6526.79994606972  1.676332E-14
6528.19994604588  1.695273E-14
6529.59994602203  1.682311E-14
6530.99994599819  1.730543E-14
6532.39994597435  1.717712E-14
6533.79994595051  1.693438E-14
6535.19994592667  1.668167E-14
6536.59994590283  1.708186E-14
6537.99994587898  1.712679E-14
6539.39994585514  1.653234E-14
6540.7999458313  1.624057E-14
6542.19994580746  1.655500E-14
6543.59994578362  1.665498E-14
6544.99994575977  1.659157E-14
6546.39994573593  1.682263E-14
6547.79994571209  1.640729E-14
6549.19994568825  1.672590E-14
6550.59994566441  1.628035E-14
6551.99994564056  1.619445E-14
6553.39994561672  1.608863E-14
6554.79994559288  1.575113E-14
6556.19994556904  1.570324E-14
6557.5999455452  1.566582E-14
6558.99994552135  1.598171E-14
6560.39994549751  1.588227E-14
6561.79994547367  1.625059E-14
6563.19994544983  1.633818E-14
6564.59994542599  1.538076E-14
6565.99994540215  1.544254E-14
6567.3999453783  1.599372E-14
6568.79994535446  1.612523E-14
6570.19994533062  1.615987E-14
6571.59994530678  1.620426E-14
6572.99994528294  1.639854E-14
6574.39994525909  1.660349E-14
6575.79994523525  1.651467E-14
6577.19994521141  1.622153E-14
6578.59994518757  1.669676E-14
6579.99994516373  1.668333E-14
6581.39994513989  1.708719E-14
6582.79994511604  1.760023E-14
6584.1999450922  1.746141E-14
6585.59994506836  1.737495E-14
6586.99994504452  1.702060E-14
6588.39994502068  1.697327E-14
6589.79994499683  1.689519E-14
6591.19994497299  1.657184E-14
6592.59994494915  1.696232E-14
6593.99994492531  1.728837E-14
6595.39994490147  1.716536E-14
6596.79994487762  1.690284E-14
6598.19994485379  1.686041E-14
6599.59994482994  1.670575E-14
6600.9999448061  1.694563E-14
6602.39994478226  1.695521E-14
6603.79994475842  1.720507E-14
6605.19994473458  1.677087E-14
6606.59994471073  1.697315E-14
6607.99994468689  1.670106E-14
6609.39994466305  1.708154E-14
6610.79994463921  1.721708E-14
6612.19994461537  1.752831E-14
6613.59994459152  1.720283E-14
6614.99994456768  1.686876E-14
6616.39994454384  1.717648E-14
6617.79994452  1.708735E-14
6619.19994449616  1.672580E-14
6620.59994447231  1.681034E-14
6621.99994444847  1.704469E-14
6623.39994442463  1.679049E-14
6624.79994440079  1.700529E-14
6626.19994437695  1.684673E-14
6627.5999443531  1.714912E-14
6628.99994432926  1.671857E-14
6630.39994430542  1.671952E-14
6631.79994428158  1.659990E-14
6633.19994425774  1.668400E-14
6634.59994423389  1.696767E-14
6635.99994421005  1.678348E-14
6637.39994418621  1.705966E-14
6638.79994416237  1.679869E-14
6640.19994413853  1.705478E-14
6641.59994411469  1.712653E-14
6642.99994409084  1.678200E-14
6644.399944067  1.700679E-14
6645.79994404316  1.695932E-14
6647.19994401932  1.666554E-14
6648.59994399548  1.651751E-14
6649.99994397163  1.690653E-14
6651.39994394779  1.687073E-14
6652.79994392395  1.651766E-14
6654.19994390011  1.635937E-14
6655.59994387627  1.655364E-14
6656.99994385242  1.632863E-14
6658.39994382858  1.652210E-14
6659.79994380474  1.632160E-14
6661.1999437809  1.616379E-14
6662.59994375706  1.636864E-14
6663.99994373322  1.715343E-14
6665.39994370937  1.652613E-14
6666.79994368553  1.653298E-14
6668.19994366169  1.661572E-14
6669.59994363785  1.664488E-14
6670.99994361401  1.631572E-14
6672.39994359016  1.654342E-14
6673.79994356632  1.674831E-14
6675.19994354248  1.636777E-14
6676.59994351864  1.669327E-14
6677.9999434948  1.625015E-14
6679.39994347096  1.655286E-14
6680.79994344711  1.632679E-14
6682.19994342327  1.645390E-14
6683.59994339943  1.666386E-14
6684.99994337559  1.643408E-14
6686.39994335175  1.691570E-14
6687.7999433279  1.635732E-14
6689.19994330406  1.586738E-14
6690.59994328022  1.630456E-14
6691.99994325638  1.629059E-14
6693.39994323254  1.599324E-14
6694.7999432087  1.554059E-14
6696.19994318485  1.614655E-14
6697.59994316101  1.600286E-14
6698.99994313717  1.581933E-14
6700.39994311333  1.590033E-14
6701.79994308949  1.604275E-14
6703.19994306565  1.560099E-14
6704.5999430418  1.579475E-14
6705.99994301796  1.595894E-14
6707.39994299412  1.614016E-14
6708.79994297028  1.579372E-14
6710.19994294644  1.583263E-14
6711.59994292259  1.575998E-14
6712.99994289875  1.574228E-14
6714.39994287491  1.560929E-14
6715.79994285107  1.589307E-14
6717.19994282723  1.586393E-14
6718.59994280338  1.605279E-14
6719.99994277954  1.614527E-14
6721.3999427557  1.574105E-14
6722.79994273186  1.581617E-14
6724.19994270802  1.582439E-14
6725.59994268417  1.564830E-14
6726.99994266033  1.592996E-14
6728.39994263649  1.595896E-14
6729.79994261265  1.594046E-14
6731.19994258881  1.618543E-14
6732.59994256496  1.599208E-14
6733.99994254112  1.577815E-14
6735.39994251728  1.578163E-14
6736.79994249344  1.645613E-14
6738.1999424696  1.599553E-14
6739.59994244575  1.605906E-14
6740.99994242191  1.622591E-14
6742.39994239807  1.603159E-14
6743.79994237423  1.617080E-14
6745.19994235039  1.610752E-14
6746.59994232655  1.601431E-14
6747.9999423027  1.553678E-14
6749.39994227886  1.549184E-14
6750.79994225502  1.623110E-14
6752.19994223118  1.633891E-14
6753.59994220734  1.612053E-14
6754.99994218349  1.562970E-14
6756.39994215965  1.606883E-14
6757.79994213581  1.591179E-14
6759.19994211197  1.586726E-14
6760.59994208813  1.549971E-14
6761.99994206429  1.552663E-14
6763.39994204044  1.582565E-14
6764.7999420166  1.559825E-14
6766.19994199276  1.562924E-14
6767.59994196892  1.610613E-14
6768.99994194508  1.611151E-14
6770.39994192124  1.605828E-14
6771.79994189739  1.608656E-14
6773.19994187355  1.630612E-14
6774.59994184971  1.636633E-14
6775.99994182587  1.613488E-14
6777.39994180203  1.597724E-14
6778.79994177818  1.669288E-14
6780.19994175434  1.630503E-14
6781.5999417305  1.618309E-14
6782.99994170666  1.642352E-14
6784.39994168282  1.590245E-14
6785.79994165898  1.553893E-14
6787.19994163513  1.549329E-14
6788.59994161129  1.606786E-14
6789.99994158745  1.639876E-14
6791.39994156361  1.620100E-14
6792.79994153977  1.623720E-14
6794.19994151592  1.589487E-14
6795.59994149208  1.557470E-14
6796.99994146824  1.575074E-14
6798.3999414444  1.560660E-14
6799.79994142056  1.588035E-14
6801.19994139671  1.603303E-14
6802.59994137287  1.633271E-14
6803.99994134903  1.695457E-14
6805.39994132519  1.684164E-14
6806.79994130135  1.704000E-14
6808.19994127751  1.625237E-14
6809.59994125366  1.646290E-14
6810.99994122982  1.708916E-14
6812.39994120598  1.705935E-14
6813.79994118214  1.663813E-14
6815.1999411583  1.618789E-14
6816.59994113445  1.682265E-14
6817.99994111061  1.639619E-14
6819.39994108677  1.669692E-14
6820.79994106293  1.683741E-14
6822.19994103909  1.678169E-14
6823.59994101524  1.692438E-14
6824.9999409914  1.674151E-14
6826.39994096756  1.723663E-14
6827.79994094372  1.696993E-14
6829.19994091988  1.662868E-14
6830.59994089603  1.660783E-14
6831.99994087219  1.637250E-14
6833.39994084835  1.642560E-14
6834.79994082451  1.677627E-14
6836.19994080067  1.651125E-14
6837.59994077682  1.648371E-14
6838.99994075298  1.549038E-14
6840.39994072914  1.429807E-14
6841.7999407053  1.347104E-14
6843.19994068146  1.303035E-14
6844.59994065761  1.227970E-14
6845.99994063377  1.175870E-14
6847.39994060993  1.152539E-14
6848.79994058609  1.207102E-14
6850.19994056225  1.244719E-14
6851.59994053841  1.281901E-14
6852.99994051456  1.387610E-14
6854.39994049072  1.464136E-14
6855.79994046688  1.501678E-14
6857.19994044304  1.582081E-14
6858.5999404192  1.519931E-14
6859.99994039535  1.535538E-14
6861.39994037151  1.497821E-14
6862.79994034767  1.461869E-14
6864.19994032383  1.498255E-14
6865.59994029999  1.468910E-14
6866.99994027615  1.471595E-14
6868.3999402523  1.500417E-14
6869.79994022846  1.467997E-14
6871.19994020462  1.495817E-14
6872.59994018078  1.487876E-14
6873.99994015694  1.553244E-14
6875.3999401331  1.600620E-14
6876.79994010925  1.591917E-14
6878.19994008541  1.548491E-14
6879.59994006157  1.554985E-14
6880.99994003773  1.639481E-14
6882.39994001389  1.630068E-14
6883.79993999005  1.663665E-14
6885.1999399662  1.672700E-14
6886.59993994236  1.704225E-14
6887.99993991852  1.681370E-14
6889.39993989468  1.697462E-14
6890.79993987084  1.745838E-14
6892.19993984699  1.734611E-14
6893.59993982315  1.679310E-14
6894.99993979931  1.773676E-14
6896.39993977547  1.783718E-14
6897.79993975163  1.766973E-14
6899.19993972778  1.812285E-14
6900.59993970394  1.804548E-14
